19006
19007
18912
18913
6865
19307
3026
19559
1550
18911
19274
18919
19515
19043
18961
18954
19878
11704
19048
18891
18892
18896
18897
18898
18899
18901
18902
18903
18905
18929
18933
18926
18970
18957
18945
18935
18932
18930
18639
18911
18912
18913
18914
18918
18919
18920
18917
18916
18915
19067
18947
18948
18949
18950
18951
19904
19138
19139
19140
19064
19065
19066
19137
19528
19558
19036
19037
19038
18971
18970
18972
18946
19078
19079
11745
19317
19318
19319
11745
335
334
336
337
338
339
341
321
322
323
324
325
326
18953
19518
18975